6 0.4875 0.6930555555555555 0.06388888888888888 0.03888888888888889
6 0.2777777777777778 0.8527777777777777 0.125 0.06111111111111111
6 0.12708333333333333 0.9597222222222223 0.25416666666666665 0.07777777777777778
6 0.059722222222222225 0.7583333333333333 0.08888888888888889 0.06111111111111111
6 0.22777777777777777 0.7618055555555555 0.08055555555555556 0.034722222222222224
6 0.26666666666666666 0.7159722222222222 0.08055555555555556 0.034722222222222224
6 0.33541666666666664 0.7819444444444444 0.10138888888888889 0.03888888888888889
6 0.40555555555555556 0.6819444444444445 0.08055555555555556 0.03611111111111111
6 0.3736111111111111 0.7388888888888889 0.11666666666666667 0.04722222222222222
6 0.5770833333333333 0.8604166666666667 0.15694444444444444 0.05138888888888889
6 0.5909722222222222 0.8034722222222223 0.15138888888888888 0.034722222222222224
6 0.5465277777777777 0.7527777777777778 0.09861111111111111 0.03333333333333333
6 0.5194444444444445 0.6291666666666667 0.06388888888888888 0.03888888888888889
0 0.5958333333333333 0.6847222222222222 0.058333333333333334 0.10555555555555556