6 0.5125 0.6930555555555555 0.06388888888888888 0.03888888888888889
6 0.7222222222222222 0.8527777777777777 0.125 0.06111111111111111
6 0.8729166666666667 0.9597222222222223 0.25416666666666665 0.07777777777777778
6 0.9402777777777778 0.7583333333333333 0.08888888888888889 0.06111111111111111
6 0.7722222222222223 0.7618055555555555 0.08055555555555556 0.034722222222222224
6 0.7333333333333333 0.7159722222222222 0.08055555555555556 0.034722222222222224
6 0.6645833333333333 0.7819444444444444 0.10138888888888889 0.03888888888888889
6 0.5944444444444444 0.6819444444444445 0.08055555555555556 0.03611111111111111
6 0.6263888888888889 0.7388888888888889 0.11666666666666667 0.04722222222222222
6 0.42291666666666666 0.8604166666666667 0.15694444444444444 0.05138888888888889
6 0.40902777777777777 0.8034722222222223 0.15138888888888888 0.034722222222222224
6 0.4534722222222222 0.7527777777777778 0.09861111111111111 0.03333333333333333
6 0.48055555555555557 0.6291666666666667 0.06388888888888888 0.03888888888888889
0 0.4041666666666667 0.6847222222222222 0.058333333333333334 0.10555555555555556