6 0.8881944444444444 0.8 0.19027777777777777 0.05555555555555555
6 0.46875 0.725 0.10416666666666667 0.08333333333333333
6 0.33958333333333335 0.7597222222222222 0.06805555555555555 0.06388888888888888
6 0.22430555555555556 0.8555555555555555 0.06805555555555555 0.06388888888888888
6 0.2881944444444444 0.6881944444444444 0.043055555555555555 0.03194444444444444
6 0.15763888888888888 0.8243055555555555 0.043055555555555555 0.03194444444444444
6 0.08611111111111111 0.8375 0.058333333333333334 0.041666666666666664
5 0.73125 0.8229166666666666 0.10694444444444444 0.059722222222222225
6 0.2701388888888889 0.9145833333333333 0.20416666666666666 0.10694444444444444
5 0.12430555555555556 0.875 0.24861111111111112 0.21944444444444444
5 0.3625 0.8159722222222222 0.18055555555555555 0.07916666666666666
6 0.5673611111111111 0.6020833333333333 0.10416666666666667 0.04583333333333333
0 0.6 0.8069444444444445 0.05277777777777778 0.09722222222222222