5 0.19375 0.8611111111111112 0.16805555555555557 0.1361111111111111
5 0.4666666666666667 0.7611111111111111 0.15 0.03611111111111111
6 0.32708333333333334 0.7645833333333333 0.09583333333333334 0.06527777777777778
6 0.28402777777777777 0.8888888888888888 0.0763888888888889 0.04722222222222222
6 0.12569444444444444 0.975 0.0763888888888889 0.04722222222222222
6 0.03958333333333333 0.8666666666666667 0.07916666666666666 0.07222222222222222
6 0.09444444444444444 0.8041666666666667 0.1527777777777778 0.05555555555555555
6 0.46111111111111114 0.8020833333333334 0.10277777777777777 0.12083333333333333
6 0.5631944444444444 0.7069444444444445 0.043055555555555555 0.030555555555555555
6 0.5027777777777778 0.6451388888888889 0.05 0.05138888888888889
6 0.20347222222222222 0.8694444444444445 0.16527777777777777 0.1111111111111111
0 0.59375 0.7958333333333333 0.05694444444444444 0.17222222222222222
0 0.7034722222222223 0.7819444444444444 0.16527777777777777 0.21944444444444444