5 0.19583333333333333 0.8763888888888889 0.375 0.23055555555555557
5 0.6909722222222222 0.7631944444444444 0.2875 0.17916666666666667
6 0.7638888888888888 0.6722222222222223 0.06666666666666667 0.044444444444444446
6 0.20625 0.6805555555555556 0.15138888888888888 0.044444444444444446
6 0.33611111111111114 0.8270833333333333 0.10555555555555556 0.04583333333333333
6 0.4111111111111111 0.6791666666666667 0.10833333333333334 0.05555555555555555
6 0.5291666666666667 0.6486111111111111 0.06666666666666667 0.044444444444444446
6 0.8423611111111111 0.7138888888888889 0.09861111111111111 0.05
6 0.7458333333333333 0.7229166666666667 0.04722222222222222 0.029166666666666667
6 0.5916666666666667 0.7368055555555556 0.04722222222222222 0.029166666666666667
6 0.5805555555555556 0.5840277777777778 0.07222222222222222 0.043055555555555555
6 0.20972222222222223 0.7604166666666666 0.15833333333333333 0.09583333333333334
6 0.06597222222222222 0.8618055555555556 0.13194444444444445 0.14027777777777778